0 (0, 0, 0)
1 (28, 28, 28)
2 (124, 124, 124)
3 (252, 252, 252)
4 (255, 77, 71)
5 (255, 10, 0)
6 (90, 1, 0)
7 (25, 0, 0)
8 (0, 56, 0)
9 (0, 84, 50)
10 (0, 83, 126)
11 (0, 0, 255)
12 (0, 68, 77)
13 (27, 0, 210)
14 (124, 124, 124)
15 (32, 32, 32)
16 (255, 189, 98)
17 (255, 86, 0)
18 (90, 29, 0)
19 (36, 24, 0)
20 (253, 253, 33)
21 (253, 253, 0)
22 (88, 88, 0)
23 (24, 24, 0)
24 (255, 10, 0)
25 (186, 253, 0)
26 (170, 237, 0)
27 (86, 253, 0)
28 (0, 136, 0)
29 (0, 252, 122)
30 (0, 167, 255)
31 (0, 27, 255)
32 (128, 253, 42)
33 (64, 253, 0)
34 (22, 88, 0)
35 (19, 40, 0)
36 (52, 253, 43)
37 (0, 253, 0)
38 (0, 88, 0)
39 (0, 24, 0)
40 (53, 0, 255)
41 (119, 0, 255)
42 (180, 23, 126)
43 (65, 32, 0)
44 (255, 74, 0)
45 (131, 225, 0)
46 (101, 253, 0)
47 (0, 253, 0)
48 (51, 253, 70)
49 (0, 253, 0)
50 (0, 88, 0)
51 (0, 24, 0)
52 (50, 253, 126)
53 (0, 253, 58)
54 (0, 88, 20)
55 (0, 28, 15)
56 (0, 253, 0)
57 (69, 253, 97)
58 (0, 252, 202)
59 (80, 134, 255)
60 (39, 77, 201)
61 (130, 122, 237)
62 (211, 12, 255)
63 (255, 6, 90)
64 (47, 252, 176)
65 (0, 252, 145)
66 (0, 88, 49)
67 (0, 24, 15)
68 (57, 191, 255)
69 (0, 167, 255)
70 (0, 64, 81)
71 (0, 16, 24)
72 (255, 125, 0)
73 (185, 177, 0)
74 (138, 253, 0)
75 (130, 93, 0)
76 (57, 40, 0)
77 (13, 76, 5)
78 (0, 80, 55)
79 (19, 19, 41)
80 (65, 134, 255)
81 (0, 80, 255)
82 (0, 26, 90)
83 (0, 7, 25)
84 (70, 71, 255)
85 (0, 0, 255)
86 (0, 0, 91)
87 (0, 0, 25)
88 (16, 31, 90)
89 (106, 60, 23)
90 (172, 4, 0)
91 (225, 81, 53)
92 (220, 105, 0)
93 (255, 225, 0)
94 (153, 225, 0)
95 (95, 181, 0)
96 (131, 71, 255)
97 (80, 0, 255)
98 (22, 0, 103)
99 (11, 0, 50)
100 (255, 73, 255)
101 (255, 0, 255)
102 (90, 0, 90)
103 (25, 0, 25)
104 (27, 27, 49)
105 (220, 253, 84)
106 (118, 252, 184)
107 (150, 151, 255)
108 (139, 97, 255)
109 (64, 64, 64)
110 (116, 116, 116)
111 (222, 252, 252)
112 (255, 77, 132)
113 (255, 7, 82)
114 (90, 1, 27)
115 (33, 0, 16)
116 (255, 25, 0)
117 (155, 53, 0)
118 (122, 81, 0)
119 (62, 100, 0)
120 (164, 4, 0)
121 (53, 0, 0)
122 (0, 209, 0)
123 (0, 64, 0)
124 (185, 177, 0)
125 (61, 48, 0)
126 (180, 93, 0)
127 (74, 20, 0)
